                                                                                                    
                       573                               16         549964235 4111257352552123440   
                       173             77777             173     0  511111114 62112 3 39  424 2126  
                      3771           7777777 7 777  42521175   49   8553225599 42490 0   105 941126 
                      6777132272      7    77 77 7       112   120  0  99 6    26  5 4      9 21112 
                       315777173    5 7        7       41      119  0   3 9546476   3 8608990894221 
                          32223241674 7  3807                   14 464 0  6111526496968  452   5 51 
                                      77      173  133           449 6547 92549 548 6    25 3 53 41 
                                      7777  3237243111           1 0 7931  2   4      999908846 321 
                                       777 131717 77111             4  7 4225444570003132   2322231 
                                    777    21777 117711            4446655333122668   94680 4311111 
                              23 11   7777 223222222223   1          4231121660 6  3  4   5 4111332 
                       5552311113335                       255         9999     64 4455545549999    
                  44531111711113222542                    53171325           3000888999999          
           555553 1  731111111        1251117            3371711132                                 
        23171322233233  237 11125552231117   22521   15233131111132546996                           
      2311771        13  723111   71111113221    3    21 7     7                                    
     65222331322231111332  3111111111  1117 144680     0 9   44 7122555523111713255                 
           1222231171 3 22  3111117111117  755549       899865256 71311111171711171135              
    7777         552313  35  11111711111160644  734    3   1 523321  7111111111 3771356             
    777777777       1522  3 5 11117177      3 13171150 1064 2 13324832331111111171 4                
   777 77777777777     242 311 1117111113964  77   6 63   924 921 7       711113 2    77            
   7  7 77777777777777   36  2 11111111775335  7186655    722  34526333311111324    777 7 7         
   777777777777777777777    735311111117 533326 7   23546 76571  535 711111322    77777 7 7         
   7777777 77777777777  77 72   33222231 4225540 13 4455566  711 4591222233   4 777777777 777       
   777777 777777777777777  222231      77 99    1717    36 1717 327       12335 7  77777777 7       
   777777 77777777777777  22 111332222317            5424 7311 8446122222311712  77777777777 7      
   77777 77777777777777  131117 11111111113 9896545452335  11   9  711111117332 7777777777777 7     
   77777 7777777777777  1311111117 111111117   1445549964467 70331111111111 2 3 7777777777777 7     
    7 77 7777777777777 32711111111117 71111111777  9    1253     3331711111377  777777777777777     
    77 77 7777777777     521   71111111111111111   112217  7732223  311111121  77777777777777 7     
     77  7777777777        455523117 17111111171333171111111711111331 111333 7777777777777777       
   7 7777 777777                 555553117111111311111111111 1111111 113      77777777777777777     
   7 77777 777                          21173111 31111111111173111111 35        7777777777777777    
  777777777 777                           3 3 332 23222233333 311711112            7777777777 77    
  7 7777777  7777                          5425222       77335525223 27                  777 7777   
  7 77777777 77777                                                  43             777777777 7777   
  7 77777777 77777                             71117777777                           777777 777777  
   7 7777777 77777                         33311  17777771 313 31113                  77777 77777   
   7 777777777777                          3   33 17777771 171 1771                      77 77777   
    7 7777777777                          71     117777771 171 1771 2                      7 777    
     77 7777777                           1113111 71 17771 11 1771 1                        777     
       7777777                            17   11171 1  17 11 177 711                       777     
          77777                           111117 3 373 33 33 111 1 71                       77      
               777777                      17                     111                    777        
                77777                      1711113            371171                   777          
                                           177771             177771                                
                                           177771             177771                                
                                                                                                    